[[0, 1.3773420396271598, 1.8721496744296584, 2.256921608426263, 2.1448543343587527, 2.1579478185613943, 2.3922263906461287, 2.82136621742838, 3.33033680704166, 3.802717584416671, 4.272046902956292, 4.799064018796613, 5.3774904832582795, 5.901930897207254, 6.765013032341153, 7.235235342517739, 8.070786114623763, 8.681471126313903, 9.804340451101847, 10.400333237515731, 11.2926758659402, 12.009738267683227, 12.479091062199231, 12.009738267683227, 11.2926758659402, 10.400333237515731, 9.804340451101847, 8.681471126313903, 8.070786114623763, 7.235235342517739, 6.765013032341153, 5.901930897207254, 5.3774904832582795, 4.799064018796613, 4.272046902956292, 3.802717584416671, 3.33033680704166, 2.82136621742838, 2.3922263906461287, 2.1579478185613943, 2.1448543343587527, 2.256921608426263, 1.8721496744296584, 1.3773420396271598], [1.3773420396271598, 0, 0.4953707610601769, 0.8863259987876928, 0.93246596007767, 1.209159987042802, 1.5007729652675725, 1.7886873109762567, 2.1842547775684484, 2.598651559821722, 3.024448475144621, 3.509151215111089, 4.067429374256786, 4.578215890092276, 5.423661829008384, 5.888678106147425, 6.719284668380034, 7.3260293071915985, 8.449553437359947, 9.04889540401965, 9.943598154821215, 10.658521876377373, 11.127843496871462, 0, 0, 0, 0, 0, 0, 0, 0, 0, 0, 0, 0, 0, 0, 0, 0, 0, 0, 0, 0, 0], [1.8721496744296584, 0.4953707610601769, 0, 0.3968195090707553, 0.648384615031273, 1.0863586040995519, 1.3624626701871727, 1.5285015484422353, 1.8293407204512975, 2.1973215268582567, 2.592568222927943, 3.051762052946195, 3.5983175373627594, 4.101944519067381, 4.939227799160895, 5.401994950927086, 6.2305102183805, 6.835777397077585, 7.959312243831115, 8.559630689882257, 9.454954672750965, 10.169110293628036, 10.638371188720328, 0, 0, 0, 0, 0, 0, 0, 0, 0, 0, 0, 0, 0, 0, 0, 0, 0, 0, 0, 0, 0], [2.256921608426263, 0.8863259987876928, 0.3968195090707553, 0, 0.5543990918519298, 1.0545218655913258, 1.2846969242001978, 1.3261517418570343, 1.5271572682933863, 1.8499190404383123, 2.220291395011417, 2.663430187847145, 3.204579233031665, 3.706021081862898, 4.542430295398143, 5.005436701760657, 5.8344824529585555, 6.4403686436568215, 7.563910353758529, 8.16380747902306, 9.058921116312007, 9.773356593937951, 10.24264464060615, 0, 0, 0, 0, 0, 0, 0, 0, 0, 0, 0, 0, 0, 0, 0, 0, 0, 0, 0, 0, 0], [2.1448543343587527, 0.93246596007767, 0.648384615031273, 0.5543990918519298, 0, 0.5001423150854818, 0.7409697868485396, 0.885446338852715, 1.2525569131944763, 1.6828655071507894, 2.133448326760447, 2.6542658010875075, 3.235181220842303, 3.763894082790708, 4.637297118399783, 5.111731772823809, 5.951489116764958, 6.566626819487742, 7.6867741338988385, 8.277658767164306, 9.16655019577596, 9.88546155731645, 10.354540809660184, 0, 0, 0, 0, 0, 0, 0, 0, 0, 0, 0, 0, 0, 0, 0, 0, 0, 0, 0, 0, 0], [2.1579478185613943, 1.209159987042802, 1.0863586040995519, 1.0545218655913258, 0.5001423150854818, 0, 0.29190838217950577, 0.6634185302926858, 1.1925476817866327, 1.6874105073823435, 2.182645897630328, 2.749692646544761, 3.348227641956402, 3.8896583308962036, 4.782524230875948, 5.261914383108686, 6.104242362627889, 6.723581887493073, 7.835481416745521, 8.416273315549885, 9.296853936678437, 10.017740138676626, 10.485509624116391, 0, 0, 0, 0, 0, 0, 0, 0, 0, 0, 0, 0, 0, 0, 0, 0, 0, 0, 0, 0, 0], [2.3922263906461287, 1.5007729652675725, 1.3624626701871727, 1.2846969242001978, 0.7409697868485396, 0.29190838217950577, 0, 0.4732681378384347, 1.038678799443841, 1.543673469683913, 2.0488975642177634, 2.6310367352732795, 3.2324072489932107, 3.776521865410874, 4.6752776640199265, 5.155487752781138, 5.996551565218278, 6.616721268934604, 7.721785618310774, 8.296057580110963, 9.17094536075109, 9.892138563483497, 10.358750910262833, 0, 0, 0, 0, 0, 0, 0, 0, 0, 0, 0, 0, 0, 0, 0, 0, 0, 0, 0, 0, 0], [2.82136621742838, 1.7886873109762567, 1.5285015484422353, 1.3261517418570343, 0.885446338852715, 0.6634185302926858, 0.4732681378384347, 0, 0.5666771422493432, 1.07160737105149, 1.5776005632803596, 2.1622824733137707, 2.7635852887073935, 3.307890128872121, 4.2076343711626585, 4.687814906416834, 5.528191331256782, 6.148391271037258, 7.2516165576263285, 7.824609628977064, 8.698636712502664, 9.419830224615739, 9.88629203415948, 0, 0, 0, 0, 0, 0, 0, 0, 0, 0, 0, 0, 0, 0, 0, 0, 0, 0, 0, 0, 0], [3.33033680704166, 2.1842547775684484, 1.8293407204512975, 1.5271572682933863, 1.2525569131944763, 1.1925476817866327, 1.038678799443841, 0.5666771422493432, 0, 0.5050403099687661, 1.0109343319951631, 1.596701549144813, 2.197774670894572, 2.7420891906769294, 3.642282278636734, 4.122390578028113, 4.9623366231602235, 5.582522878754723, 6.685051024797749, 7.257955995250625, 8.13230414483401, 8.853498245979115, 9.32007774507523, 0, 0, 0, 0, 0, 0, 0, 0, 0, 0, 0, 0, 0, 0, 0, 0, 0, 0, 0, 0, 0], [3.802717584416671, 2.598651559821722, 2.1973215268582567, 1.8499190404383123, 1.6828655071507894, 1.6874105073823435, 1.543673469683913, 1.07160737105149, 0.5050403099687661, 0, 0.5065645040183534, 1.0954283118394315, 1.695429960023803, 2.239542145293454, 3.140302160716507, 3.6202039690245367, 4.459353976847489, 5.079477069148913, 6.180676736221223, 6.753016313649005, 7.627278402460633, 8.348472170224165, 8.815081982058418, 0, 0, 0, 0, 0, 0, 0, 0, 0, 0, 0, 0, 0, 0, 0, 0, 0, 0, 0, 0, 0], [4.272046902956292, 3.024448475144621, 2.592568222927943, 2.220291395011417, 2.133448326760447, 2.182645897630328, 2.0488975642177634, 1.5776005632803596, 1.0109343319951631, 0.5065645040183534, 0, 0.5914970983561855, 1.1895938344038832, 1.7334307267816287, 2.634371792559613, 3.114127151686773, 3.9529334619429357, 4.573029534236821, 5.674216090531066, 6.24719559064436, 7.122477986336278, 7.843656177654459, 8.310525642261332, 0, 0, 0, 0, 0, 0, 0, 0, 0, 0, 0, 0, 0, 0, 0, 0, 0, 0, 0, 0, 0], [4.799064018796613, 3.509151215111089, 3.051762052946195, 2.663430187847145, 2.6542658010875075, 2.749692646544761, 2.6310367352732795, 2.1622824733137707, 1.596701549144813, 1.0954283118394315, 0.5914970983561855, 0, 0.6013876022230935, 1.1456324003508105, 2.0455824972561776, 2.525691883083596, 3.3659190828958425, 3.9861195196317465, 5.091155608906293, 5.668106172540284, 6.547270393961225, 7.268224318805963, 7.7358814203959865, 0, 0, 0, 0, 0, 0, 0, 0, 0, 0, 0, 0, 0, 0, 0, 0, 0, 0, 0, 0, 0], [5.3774904832582795, 4.067429374256786, 3.5983175373627594, 3.204579233031665, 3.235181220842303, 3.348227641956402, 3.2324072489932107, 2.7635852887073935, 2.197774670894572, 1.695429960023803, 1.1895938344038832, 0.6013876022230935, 0, 0.5443193723134411, 1.444873739561119, 1.9248023700979797, 2.7646143243835315, 3.384812370103727, 4.490075078207005, 5.068225968288953, 5.948990980746013, 6.669745303123152, 7.13772368580872, 0, 0, 0, 0, 0, 0, 0, 0, 0, 0, 0, 0, 0, 0, 0, 0, 0, 0, 0, 0, 0], [5.901930897207254, 4.578215890092276, 4.101944519067381, 3.706021081862898, 3.763894082790708, 3.8896583308962036, 3.776521865410874, 3.307890128872121, 2.7420891906769294, 2.239542145293454, 1.7334307267816287, 1.1456324003508105, 0.5443193723134411, 0, 0.9010500743406392, 1.3806975659792367, 2.220301914273616, 2.8405014224131024, 3.9467572402222406, 4.526816517363994, 5.4096915887860675, 6.130090871412308, 6.598436463676287, 0, 0, 0, 0, 0, 0, 0, 0, 0, 0, 0, 0, 0, 0, 0, 0, 0, 0, 0, 0, 0], [6.765013032341153, 5.423661829008384, 4.939227799160895, 4.542430295398143, 4.637297118399783, 4.782524230875948, 4.6752776640199265, 4.2076343711626585, 3.642282278636734, 3.140302160716507, 2.634371792559613, 2.0455824972561776, 1.444873739561119, 0.9010500743406392, 0, 0.4802136004493139, 1.3219505332636097, 1.9418347039673611, 3.05392219875616, 3.6407450850802254, 4.529425536927497, 5.248164445529354, 5.717255444596987, 0, 0, 0, 0, 0, 0, 0, 0, 0, 0, 0, 0, 0, 0, 0, 0, 0, 0, 0, 0, 0], [7.235235342517739, 5.888678106147425, 5.401994950927086, 5.005436701760657, 5.111731772823809, 5.261914383108686, 5.155487752781138, 4.687814906416834, 4.122390578028113, 3.6202039690245367, 3.114127151686773, 2.525691883083596, 1.9248023700979797, 1.3806975659792367, 0.4802136004493139, 0, 0.8423476617526356, 1.461869255269781, 2.5762026526198776, 3.166229427288207, 4.0574433238328504, 4.7749677039307805, 5.24425542104666, 0, 0, 0, 0, 0, 0, 0, 0, 0, 0, 0, 0, 0, 0, 0, 0, 0, 0, 0, 0, 0], [8.070786114623763, 6.719284668380034, 6.2305102183805, 5.8344824529585555, 5.951489116764958, 6.104242362627889, 5.996551565218278, 5.528191331256782, 4.9623366231602235, 4.459353976847489, 3.9529334619429357, 3.3659190828958425, 2.7646143243835315, 2.220301914273616, 1.3219505332636097, 0.8423476617526356, 0, 0.6202004465311438, 1.7352867814620583, 2.329867605422079, 3.224446540384841, 3.9395257686467735, 4.408890734523581, 0, 0, 0, 0, 0, 0, 0, 0, 0, 0, 0, 0, 0, 0, 0, 0, 0, 0, 0, 0, 0], [8.681471126313903, 7.3260293071915985, 6.835777397077585, 6.4403686436568215, 6.566626819487742, 6.723581887493073, 6.616721268934604, 6.148391271037258, 5.582522878754723, 5.079477069148913, 4.573029534236821, 3.9861195196317465, 3.384812370103727, 2.8405014224131024, 1.9418347039673611, 1.461869255269781, 0.6202004465311438, 0, 1.1235422979987106, 1.7265669415618223, 2.624232277352265, 3.3343755305136686, 3.8033725987836458, 0, 0, 0, 0, 0, 0, 0, 0, 0, 0, 0, 0, 0, 0, 0, 0, 0, 0, 0, 0, 0], [9.804340451101847, 8.449553437359947, 7.959312243831115, 7.563910353758529, 7.6867741338988385, 7.835481416745521, 7.721785618310774, 7.2516165576263285, 6.685051024797749, 6.180676736221223, 5.674216090531066, 5.091155608906293, 4.490075078207005, 3.9467572402222406, 3.05392219875616, 2.5762026526198776, 1.7352867814620583, 1.1235422979987106, 0, 0.6101324013494076, 1.5064933043371826, 2.2118374659185025, 2.680508895866723, 0, 0, 0, 0, 0, 0, 0, 0, 0, 0, 0, 0, 0, 0, 0, 0, 0, 0, 0, 0, 0], [10.400333237515731, 9.04889540401965, 8.559630689882257, 8.16380747902306, 8.277658767164306, 8.416273315549885, 8.296057580110963, 7.824609628977064, 7.257955995250625, 6.753016313649005, 6.24719559064436, 5.668106172540284, 5.068225968288953, 4.526816517363994, 3.6407450850802254, 3.166229427288207, 2.329867605422079, 1.7265669415618223, 0.6101324013494076, 0, 0.8979314865410619, 1.6096694351447367, 2.079028263099845, 0, 0, 0, 0, 0, 0, 0, 0, 0, 0, 0, 0, 0, 0, 0, 0, 0, 0, 0, 0, 0], [11.2926758659402, 9.943598154821215, 9.454954672750965, 9.058921116312007, 9.16655019577596, 9.296853936678437, 9.17094536075109, 8.698636712502664, 8.13230414483401, 7.627278402460633, 7.122477986336278, 6.547270393961225, 5.948990980746013, 5.4096915887860675, 4.529425536927497, 4.0574433238328504, 3.224446540384841, 2.624232277352265, 1.5064933043371826, 0.8979314865410619, 0, 0.7211943125181227, 1.1887600224105987, 0, 0, 0, 0, 0, 0, 0, 0, 0, 0, 0, 0, 0, 0, 0, 0, 0, 0, 0, 0, 0], [12.009738267683227, 10.658521876377373, 10.169110293628036, 9.773356593937951, 9.88546155731645, 10.017740138676626, 9.892138563483497, 9.419830224615739, 8.853498245979115, 8.348472170224165, 7.843656177654459, 7.268224318805963, 6.669745303123152, 6.130090871412308, 5.248164445529354, 4.7749677039307805, 3.9395257686467735, 3.3343755305136686, 2.2118374659185025, 1.6096694351447367, 0.7211943125181227, 0, 0.4693704971863903, 0, 0, 0, 0, 0, 0, 0, 0, 0, 0, 0, 0, 0, 0, 0, 0, 0, 0, 0, 0, 0], [12.479091062199231, 11.127843496871462, 10.638371188720328, 10.24264464060615, 10.354540809660184, 10.485509624116391, 10.358750910262833, 9.88629203415948, 9.32007774507523, 8.815081982058418, 8.310525642261332, 7.7358814203959865, 7.13772368580872, 6.598436463676287, 5.717255444596987, 5.24425542104666, 4.408890734523581, 3.8033725987836458, 2.680508895866723, 2.079028263099845, 1.1887600224105987, 0.4693704971863903, 0, 0.4693704971863903, 1.1887600224105987, 2.079028263099845, 2.680508895866723, 3.8033725987836458, 4.408890734523581, 5.24425542104666, 5.717255444596987, 6.598436463676287, 7.13772368580872, 7.7358814203959865, 8.310525642261332, 8.815081982058418, 9.32007774507523, 9.88629203415948, 10.358750910262833, 10.485509624116391, 10.354540809660184, 10.24264464060615, 10.638371188720328, 11.127843496871462], [12.009738267683227, 0, 0, 0, 0, 0, 0, 0, 0, 0, 0, 0, 0, 0, 0, 0, 0, 0, 0, 0, 0, 0, 0.4693704971863903, 0, 0.7211943125181227, 1.6096694351447367, 2.2118374659185025, 3.3343755305136686, 3.9395257686467735, 4.7749677039307805, 5.248164445529354, 6.130090871412308, 6.669745303123152, 7.268224318805963, 7.843656177654459, 8.348472170224165, 8.853498245979115, 9.419830224615739, 9.892138563483497, 10.017740138676626, 9.88546155731645, 9.773356593937951, 10.169110293628036, 10.658521876377373], [11.2926758659402, 0, 0, 0, 0, 0, 0, 0, 0, 0, 0, 0, 0, 0, 0, 0, 0, 0, 0, 0, 0, 0, 1.1887600224105987, 0.7211943125181227, 0, 0.8979314865410619, 1.5064933043371826, 2.624232277352265, 3.224446540384841, 4.0574433238328504, 4.529425536927497, 5.4096915887860675, 5.948990980746013, 6.547270393961225, 7.122477986336278, 7.627278402460633, 8.13230414483401, 8.698636712502664, 9.17094536075109, 9.296853936678437, 9.16655019577596, 9.058921116312007, 9.454954672750965, 9.943598154821215], [10.400333237515731, 0, 0, 0, 0, 0, 0, 0, 0, 0, 0, 0, 0, 0, 0, 0, 0, 0, 0, 0, 0, 0, 2.079028263099845, 1.6096694351447367, 0.8979314865410619, 0, 0.6101324013494076, 1.7265669415618223, 2.329867605422079, 3.166229427288207, 3.6407450850802254, 4.526816517363994, 5.068225968288953, 5.668106172540284, 6.24719559064436, 6.753016313649005, 7.257955995250625, 7.824609628977064, 8.296057580110963, 8.416273315549885, 8.277658767164306, 8.16380747902306, 8.559630689882257, 9.04889540401965], [9.804340451101847, 0, 0, 0, 0, 0, 0, 0, 0, 0, 0, 0, 0, 0, 0, 0, 0, 0, 0, 0, 0, 0, 2.680508895866723, 2.2118374659185025, 1.5064933043371826, 0.6101324013494076, 0, 1.1235422979987106, 1.7352867814620583, 2.5762026526198776, 3.05392219875616, 3.9467572402222406, 4.490075078207005, 5.091155608906293, 5.674216090531066, 6.180676736221223, 6.685051024797749, 7.2516165576263285, 7.721785618310774, 7.835481416745521, 7.6867741338988385, 7.563910353758529, 7.959312243831115, 8.449553437359947], [8.681471126313903, 0, 0, 0, 0, 0, 0, 0, 0, 0, 0, 0, 0, 0, 0, 0, 0, 0, 0, 0, 0, 0, 3.8033725987836458, 3.3343755305136686, 2.624232277352265, 1.7265669415618223, 1.1235422979987106, 0, 0.6202004465311438, 1.461869255269781, 1.9418347039673611, 2.8405014224131024, 3.384812370103727, 3.9861195196317465, 4.573029534236821, 5.079477069148913, 5.582522878754723, 6.148391271037258, 6.616721268934604, 6.723581887493073, 6.566626819487742, 6.4403686436568215, 6.835777397077585, 7.3260293071915985], [8.070786114623763, 0, 0, 0, 0, 0, 0, 0, 0, 0, 0, 0, 0, 0, 0, 0, 0, 0, 0, 0, 0, 0, 4.408890734523581, 3.9395257686467735, 3.224446540384841, 2.329867605422079, 1.7352867814620583, 0.6202004465311438, 0, 0.8423476617526356, 1.3219505332636097, 2.220301914273616, 2.7646143243835315, 3.3659190828958425, 3.9529334619429357, 4.459353976847489, 4.9623366231602235, 5.528191331256782, 5.996551565218278, 6.104242362627889, 5.951489116764958, 5.8344824529585555, 6.2305102183805, 6.719284668380034], [7.235235342517739, 0, 0, 0, 0, 0, 0, 0, 0, 0, 0, 0, 0, 0, 0, 0, 0, 0, 0, 0, 0, 0, 5.24425542104666, 4.7749677039307805, 4.0574433238328504, 3.166229427288207, 2.5762026526198776, 1.461869255269781, 0.8423476617526356, 0, 0.4802136004493139, 1.3806975659792367, 1.9248023700979797, 2.525691883083596, 3.114127151686773, 3.6202039690245367, 4.122390578028113, 4.687814906416834, 5.155487752781138, 5.261914383108686, 5.111731772823809, 5.005436701760657, 5.401994950927086, 5.888678106147425], [6.765013032341153, 0, 0, 0, 0, 0, 0, 0, 0, 0, 0, 0, 0, 0, 0, 0, 0, 0, 0, 0, 0, 0, 5.717255444596987, 5.248164445529354, 4.529425536927497, 3.6407450850802254, 3.05392219875616, 1.9418347039673611, 1.3219505332636097, 0.4802136004493139, 0, 0.9010500743406392, 1.444873739561119, 2.0455824972561776, 2.634371792559613, 3.140302160716507, 3.642282278636734, 4.2076343711626585, 4.6752776640199265, 4.782524230875948, 4.637297118399783, 4.542430295398143, 4.939227799160895, 5.423661829008384], [5.901930897207254, 0, 0, 0, 0, 0, 0, 0, 0, 0, 0, 0, 0, 0, 0, 0, 0, 0, 0, 0, 0, 0, 6.598436463676287, 6.130090871412308, 5.4096915887860675, 4.526816517363994, 3.9467572402222406, 2.8405014224131024, 2.220301914273616, 1.3806975659792367, 0.9010500743406392, 0, 0.5443193723134411, 1.1456324003508105, 1.7334307267816287, 2.239542145293454, 2.7420891906769294, 3.307890128872121, 3.776521865410874, 3.8896583308962036, 3.763894082790708, 3.706021081862898, 4.101944519067381, 4.578215890092276], [5.3774904832582795, 0, 0, 0, 0, 0, 0, 0, 0, 0, 0, 0, 0, 0, 0, 0, 0, 0, 0, 0, 0, 0, 7.13772368580872, 6.669745303123152, 5.948990980746013, 5.068225968288953, 4.490075078207005, 3.384812370103727, 2.7646143243835315, 1.9248023700979797, 1.444873739561119, 0.5443193723134411, 0, 0.6013876022230935, 1.1895938344038832, 1.695429960023803, 2.197774670894572, 2.7635852887073935, 3.2324072489932107, 3.348227641956402, 3.235181220842303, 3.204579233031665, 3.5983175373627594, 4.067429374256786], [4.799064018796613, 0, 0, 0, 0, 0, 0, 0, 0, 0, 0, 0, 0, 0, 0, 0, 0, 0, 0, 0, 0, 0, 7.7358814203959865, 7.268224318805963, 6.547270393961225, 5.668106172540284, 5.091155608906293, 3.9861195196317465, 3.3659190828958425, 2.525691883083596, 2.0455824972561776, 1.1456324003508105, 0.6013876022230935, 0, 0.5914970983561855, 1.0954283118394315, 1.596701549144813, 2.1622824733137707, 2.6310367352732795, 2.749692646544761, 2.6542658010875075, 2.663430187847145, 3.051762052946195, 3.509151215111089], [4.272046902956292, 0, 0, 0, 0, 0, 0, 0, 0, 0, 0, 0, 0, 0, 0, 0, 0, 0, 0, 0, 0, 0, 8.310525642261332, 7.843656177654459, 7.122477986336278, 6.24719559064436, 5.674216090531066, 4.573029534236821, 3.9529334619429357, 3.114127151686773, 2.634371792559613, 1.7334307267816287, 1.1895938344038832, 0.5914970983561855, 0, 0.5065645040183534, 1.0109343319951631, 1.5776005632803596, 2.0488975642177634, 2.182645897630328, 2.133448326760447, 2.220291395011417, 2.592568222927943, 3.024448475144621], [3.802717584416671, 0, 0, 0, 0, 0, 0, 0, 0, 0, 0, 0, 0, 0, 0, 0, 0, 0, 0, 0, 0, 0, 8.815081982058418, 8.348472170224165, 7.627278402460633, 6.753016313649005, 6.180676736221223, 5.079477069148913, 4.459353976847489, 3.6202039690245367, 3.140302160716507, 2.239542145293454, 1.695429960023803, 1.0954283118394315, 0.5065645040183534, 0, 0.5050403099687661, 1.07160737105149, 1.543673469683913, 1.6874105073823435, 1.6828655071507894, 1.8499190404383123, 2.1973215268582567, 2.598651559821722], [3.33033680704166, 0, 0, 0, 0, 0, 0, 0, 0, 0, 0, 0, 0, 0, 0, 0, 0, 0, 0, 0, 0, 0, 9.32007774507523, 8.853498245979115, 8.13230414483401, 7.257955995250625, 6.685051024797749, 5.582522878754723, 4.9623366231602235, 4.122390578028113, 3.642282278636734, 2.7420891906769294, 2.197774670894572, 1.596701549144813, 1.0109343319951631, 0.5050403099687661, 0, 0.5666771422493432, 1.038678799443841, 1.1925476817866327, 1.2525569131944763, 1.5271572682933863, 1.8293407204512975, 2.1842547775684484], [2.82136621742838, 0, 0, 0, 0, 0, 0, 0, 0, 0, 0, 0, 0, 0, 0, 0, 0, 0, 0, 0, 0, 0, 9.88629203415948, 9.419830224615739, 8.698636712502664, 7.824609628977064, 7.2516165576263285, 6.148391271037258, 5.528191331256782, 4.687814906416834, 4.2076343711626585, 3.307890128872121, 2.7635852887073935, 2.1622824733137707, 1.5776005632803596, 1.07160737105149, 0.5666771422493432, 0, 0.4732681378384347, 0.6634185302926858, 0.885446338852715, 1.3261517418570343, 1.5285015484422353, 1.7886873109762567], [2.3922263906461287, 0, 0, 0, 0, 0, 0, 0, 0, 0, 0, 0, 0, 0, 0, 0, 0, 0, 0, 0, 0, 0, 10.358750910262833, 9.892138563483497, 9.17094536075109, 8.296057580110963, 7.721785618310774, 6.616721268934604, 5.996551565218278, 5.155487752781138, 4.6752776640199265, 3.776521865410874, 3.2324072489932107, 2.6310367352732795, 2.0488975642177634, 1.543673469683913, 1.038678799443841, 0.4732681378384347, 0, 0.29190838217950577, 0.7409697868485396, 1.2846969242001978, 1.3624626701871727, 1.5007729652675725], [2.1579478185613943, 0, 0, 0, 0, 0, 0, 0, 0, 0, 0, 0, 0, 0, 0, 0, 0, 0, 0, 0, 0, 0, 10.485509624116391, 10.017740138676626, 9.296853936678437, 8.416273315549885, 7.835481416745521, 6.723581887493073, 6.104242362627889, 5.261914383108686, 4.782524230875948, 3.8896583308962036, 3.348227641956402, 2.749692646544761, 2.182645897630328, 1.6874105073823435, 1.1925476817866327, 0.6634185302926858, 0.29190838217950577, 0, 0.5001423150854818, 1.0545218655913258, 1.0863586040995519, 1.209159987042802], [2.1448543343587527, 0, 0, 0, 0, 0, 0, 0, 0, 0, 0, 0, 0, 0, 0, 0, 0, 0, 0, 0, 0, 0, 10.354540809660184, 9.88546155731645, 9.16655019577596, 8.277658767164306, 7.6867741338988385, 6.566626819487742, 5.951489116764958, 5.111731772823809, 4.637297118399783, 3.763894082790708, 3.235181220842303, 2.6542658010875075, 2.133448326760447, 1.6828655071507894, 1.2525569131944763, 0.885446338852715, 0.7409697868485396, 0.5001423150854818, 0, 0.5543990918519298, 0.648384615031273, 0.93246596007767], [2.256921608426263, 0, 0, 0, 0, 0, 0, 0, 0, 0, 0, 0, 0, 0, 0, 0, 0, 0, 0, 0, 0, 0, 10.24264464060615, 9.773356593937951, 9.058921116312007, 8.16380747902306, 7.563910353758529, 6.4403686436568215, 5.8344824529585555, 5.005436701760657, 4.542430295398143, 3.706021081862898, 3.204579233031665, 2.663430187847145, 2.220291395011417, 1.8499190404383123, 1.5271572682933863, 1.3261517418570343, 1.2846969242001978, 1.0545218655913258, 0.5543990918519298, 0, 0.3968195090707553, 0.8863259987876928], [1.8721496744296584, 0, 0, 0, 0, 0, 0, 0, 0, 0, 0, 0, 0, 0, 0, 0, 0, 0, 0, 0, 0, 0, 10.638371188720328, 10.169110293628036, 9.454954672750965, 8.559630689882257, 7.959312243831115, 6.835777397077585, 6.2305102183805, 5.401994950927086, 4.939227799160895, 4.101944519067381, 3.5983175373627594, 3.051762052946195, 2.592568222927943, 2.1973215268582567, 1.8293407204512975, 1.5285015484422353, 1.3624626701871727, 1.0863586040995519, 0.648384615031273, 0.3968195090707553, 0, 0.4953707610601769], [1.3773420396271598, 0, 0, 0, 0, 0, 0, 0, 0, 0, 0, 0, 0, 0, 0, 0, 0, 0, 0, 0, 0, 0, 11.127843496871462, 10.658521876377373, 9.943598154821215, 9.04889540401965, 8.449553437359947, 7.3260293071915985, 6.719284668380034, 5.888678106147425, 5.423661829008384, 4.578215890092276, 4.067429374256786, 3.509151215111089, 3.024448475144621, 2.598651559821722, 2.1842547775684484, 1.7886873109762567, 1.5007729652675725, 1.209159987042802, 0.93246596007767, 0.8863259987876928, 0.4953707610601769, 0]]